[[-0.97157425,-0.01827487,0.23602862,6.81253889],[0.07148055,-0.97312723,0.2188925,3.37330384],[0.22568565,0.22954177,0.94677165,16.71572319]]
[[-0.8884799,-0.14530922,0.435303,3.3925504],[0.07148066,-0.98078915,0.18150248,4.36149229],[-0.45331444,0.13014556,0.88179825,22.15957429]]
[[-0.52390938,0.22312793,0.82202974,2.68774801],[0.00530458,-0.96420621,0.26510046,4.70990021],[0.85175749,0.14324914,0.50397308,12.98147662]]
[[-0.63108673,0.53013053,0.566296,1.22781875],[0.13263301,-0.64553994,0.75212145,3.48023006],[0.76428923,0.54976341,0.33707888,10.9840538]]
[[-0.87676843,-0.23020567,0.42223508,4.43641198],[0.19708207,-0.97286949,-0.12117596,0.67177428],[0.43867502,-0.02302829,0.89835067,16.24069227]]